00000002.055535
00000002.037629
00000001.993261
00000001.993261
00000001.993261
00000001.993058
00000001.993328
00000002.038879
00000001.999726
00000002.048194
00000002.048194
00000002.048194
00000002.088336
00000002.108356
00000002.090284
00000002.048111
00000002.041751
00000002.041751
00000002.041751
00000002.020822
00000002.044787
00000002.084838
00000002.108418
00000002.150000
00000002.150000
00000002.150000
00000002.199046
00000002.168421
00000002.187696
00000002.203654
00000002.252834
00000002.252834
00000002.252834
00000002.223503
00000002.184173
00000002.207177
00000002.204294
00000002.195527
00000002.195527
00000002.195527
00000002.165226
00000002.120587
00000002.108760
00000002.160590
00000002.163681
00000002.163681
00000002.163681
00000002.189896
00000002.213301
00000002.207448
00000002.166669
00000002.131130
00000002.131130
00000002.131130
00000002.157770
00000002.108539
00000002.122868
00000002.149487
00000002.201095
00000002.201095
00000002.201095
00000002.164205
00000002.176556
00000002.216209
00000002.238700
00000002.217583
00000002.217583
00000002.217583
00000002.250700
00000002.298839
00000002.262769
00000002.307699
00000002.259246
00000002.259246
00000002.259246
00000002.252353
00000002.239187
00000002.199847
00000002.202753
00000002.200551
00000002.200551
00000002.200551
00000002.173714
00000002.186377
00000002.203625
00000002.168038
00000002.197373
00000002.197373
00000002.197373
00000002.248560
00000002.299198
00000002.322891
00000002.280386
00000002.257668
00000002.257668
00000002.257668
00000002.311860
00000002.362835
00000002.344082
00000002.389818
00000002.395929
00000002.395929
00000002.395929
00000002.370887
00000002.427398
00000002.457164
00000002.498390
00000002.502241
00000002.502241
00000002.502241
00000002.485183
00000002.517490
00000002.456053
00000002.412969
00000002.402675
00000002.402675
00000002.402675
00000002.406524
00000002.399398
00000002.420729
00000002.369061
00000002.325134
00000002.325134
00000002.325134
00000002.338566
00000002.356334
00000002.389477
00000002.365141
00000002.388501
00000002.388501
00000002.388501
00000002.394008
00000002.408421
00000002.389214
00000002.364221
00000002.376391
00000002.376391
00000002.376391
00000002.383329
00000002.368999
00000002.338593
00000002.370314
00000002.360973
00000002.360973
00000002.360973
00000002.305730
00000002.297185
00000002.285786
00000002.302607
00000002.276724
00000002.276724
00000002.276724
00000002.292317
00000002.330271
00000002.360453
00000002.303225
00000002.295365
00000002.295365
00000002.295365
00000002.266938
00000002.288713
00000002.345863
00000002.308642
00000002.347755
00000002.347755
00000002.347755
00000002.354766
00000002.402204
00000002.439681
00000002.468981
00000002.415890
00000002.415890
00000002.415890
00000002.375968
00000002.412187
00000002.383261
00000002.423692
00000002.470046
00000002.470046
00000002.470046
00000002.483528
00000002.540228
00000002.533995
00000002.498068
00000002.496038
00000002.496038
00000002.496038
00000002.510171
00000002.540883
00000002.504880
00000002.556554
00000002.551085
00000002.551085
00000002.551085
00000002.500970
00000002.537517
00000002.557026
00000002.569693
00000002.578874
00000002.578874
00000002.578874
00000002.582540
00000002.524847
00000002.542113
00000002.599562
00000002.549523
00000002.549523
00000002.549523
00000002.534604
00000002.506226
00000002.474562
00000002.441848
00000002.478919
00000002.478919
00000002.478919
00000002.518895
00000002.537114
00000002.483921
00000002.537355
00000002.565813
00000002.565813
00000002.565813
00000002.601152
00000002.590198
00000002.586823
00000002.539405
00000002.575871
00000002.575871
00000002.575871
00000002.601946
00000002.571670
00000002.512081
00000002.537602
00000002.534998
00000002.534998
00000002.534998
00000002.534258
00000002.476316
00000002.523636
00000002.518274
00000002.472909
00000002.472909
00000002.472909
00000002.426086
00000002.465889
00000002.449214
00000002.483960
00000002.509986
00000002.509986
00000002.509986
00000002.534626
00000002.514886
00000002.558461
00000002.595525
00000002.653205
00000002.653205
00000002.653205
00000002.597327
00000002.545413
00000002.550403
00000002.583623
00000002.605087
00000002.605087
00000002.605087
00000002.628085
00000002.624610
00000002.565886
00000002.594158
00000002.635860
00000002.635860
00000002.635860
00000002.610497
00000002.673673
00000002.688238
00000002.742998
00000002.687271
00000002.687271
00000002.687271
00000002.702114
00000002.742597
00000002.798146
00000002.845349
00000002.860363
00000002.860363
00000002.860363
00000002.841502
00000002.774265
00000002.797655
00000002.743682
00000002.733286
00000002.733286
00000002.733286
00000002.678925
00000002.681350
00000002.638358
00000002.675121
00000002.722723
00000002.722723
00000002.722723
00000002.708458
00000002.729265
00000002.688587
00000002.692948
00000002.691190
00000002.691190
00000002.691190
00000002.707140
00000002.768032
00000002.744797
00000002.684179
00000002.688863
00000002.688863
00000002.688863
00000002.729220
00000002.681372
00000002.737423
00000002.741486
00000002.808463
00000002.808463
00000002.808463
00000002.848348
00000002.892575
00000002.962286
00000002.913852
00000002.905648
00000002.905648
00000002.905648
00000002.971663
00000002.920535
00000002.963353
00000002.980382
00000003.051552
00000003.051552
00000003.051552
00000003.086086
00000003.107882
00000003.099536
00000003.095347
00000003.040261
00000003.040261
00000003.040261
00000003.026813
00000003.087623
00000003.092286
00000003.119530
00000003.113342
00000003.113342
00000003.113342
00000003.081509
00000003.013337
00000002.976212
00000002.980610
00000002.949567
00000002.949567
00000002.949567
00000002.884286
00000002.897253
00000002.908257
00000002.955700
00000002.946177
00000002.946177
00000002.946177
00000002.986079
00000003.054689
00000003.022553
00000003.091598
00000003.131581
00000003.131581
00000003.131581
00000003.075735
00000003.015940
00000003.053443
00000003.099248
00000003.108850
00000003.108850
00000003.108850
00000003.113408
00000003.150584
00000003.133898
00000003.197395
00000003.185436
00000003.185436
00000003.185436
00000003.141723
00000003.114172
00000003.193485
00000003.220594
00000003.276939
00000003.276939
00000003.276939
00000003.295720
00000003.252569
00000003.203578
00000003.191511
00000003.205201
00000003.205201
00000003.205201
00000003.240975
00000003.252823
00000003.293659
00000003.319921
00000003.250982
00000003.250982
00000003.250982
00000003.180543
00000003.168099
00000003.092808
00000003.062133
00000003.061245
00000003.061245
00000003.061245
00000003.130035
00000003.173542
00000003.251870
00000003.197248
00000003.158759
00000003.158759
00000003.158759
00000003.130186
00000003.062292
00000002.989610
00000003.003114
00000003.044497
00000003.044497
00000003.044497
00000003.080104
00000003.023394
00000002.974416
00000003.010675
00000003.076380
00000003.076380
00000003.076380
00000003.144205
00000003.198721
00000003.179355
00000003.135744
00000003.089122
00000003.089122
00000003.089122
00000003.158544
00000003.216052
00000003.206516
00000003.282478
00000003.344850
00000003.344850
00000003.344850
00000003.305525
00000003.332962
00000003.359514
00000003.304039
00000003.339618
00000003.339618
00000003.339618
00000003.263617
00000003.291320
00000003.264707
00000003.258021
00000003.270706
00000003.270706
00000003.270706
00000003.231120
00000003.295262
00000003.304586
00000003.256968
00000003.291465
00000003.291465
00000003.291465
00000003.229967
00000003.166634
00000003.167567
00000003.116540
00000003.085575
00000003.085575
00000003.085575
00000003.022267
00000003.034911
00000003.066922
00000003.116104
00000003.168773
00000003.168773
00000003.168773
00000003.142329
00000003.203823
00000003.285255
00000003.245039
00000003.254351
00000003.254351
00000003.254351
00000003.193261
00000003.232203
00000003.300518
00000003.322652
00000003.320496
00000003.320496
00000003.320496
00000003.315588
00000003.338524
00000003.368596
00000003.343307
00000003.382606
00000003.382606
00000003.382606
00000003.442159
00000003.494530
00000003.491391
00000003.528027
00000003.443649
00000003.443649
00000003.443649
00000003.453614
00000003.411068
00000003.334714
00000003.399820
00000003.410398
00000003.410398
00000003.410398
00000003.393707
00000003.375893
00000003.356724
00000003.417978
00000003.393852
00000003.393852
00000003.393852
00000003.439233
00000003.386024
00000003.368574
00000003.301900
00000003.293734
00000003.293734
00000003.293734
00000003.278722
00000003.283904
00000003.337834
00000003.388741
00000003.376879
00000003.376879
00000003.376879
00000003.442743
00000003.392847
00000003.460605
00000003.463518
00000003.421081
00000003.421081
00000003.421081
00000003.497439
00000003.449903
00000003.502127
00000003.460555
00000003.537269
00000003.537269
00000003.537269
00000003.480117
00000003.410246
00000003.356876
00000003.425800
00000003.506405
00000003.506405
00000003.506405
00000003.453999
00000003.478732
00000003.405067
00000003.325806
00000003.378062
00000003.378062
00000003.378062
00000003.316635
00000003.239898
00000003.256906
00000003.231937
00000003.234254
00000003.234254
00000003.234254
00000003.161077
00000003.148428
00000003.133659
00000003.124017
00000003.167776
00000003.167776
00000003.167776
00000003.206534
00000003.272974
00000003.203814
00000003.205117
00000003.142924
00000003.142924
00000003.142924
00000003.220887
00000003.191496
00000003.238744
00000003.265325
00000003.227365
00000003.227365
00000003.227365
00000003.193555
00000003.155296
00000003.170444
00000003.244922
00000003.170246
00000003.170246
00000003.170246
00000003.092551
00000003.043076
00000003.022009
00000003.092863
00000003.065503
00000003.065503
00000003.065503
00000003.054093
00000003.016883
00000002.955040
00000002.988261
00000003.030604
00000003.030604
00000003.030604
00000003.023067
00000003.065027
00000003.020780
00000002.984681
00000002.924022
00000002.924022
00000002.924022
00000002.947930
00000002.936102
00000002.866717
00000002.923131
00000002.914486
00000002.914486
00000002.914486
00000002.985398
00000003.056052
00000003.002902
00000003.044251
00000003.010515
00000003.010515
00000003.010515
00000002.998494
00000003.049444
00000003.115917
00000003.058031
00000003.129255
00000003.129255
00000003.129255
00000003.123512
00000003.138593
00000003.194089
00000003.182662
00000003.179900
00000003.179900
00000003.179900
00000003.159759
00000003.133319
00000003.093645
00000003.128357
00000003.069779
00000003.069779
00000003.069779
00000003.066684
00000003.081627
00000003.068484
00000003.114502
00000003.067025
00000003.067025
00000003.067025
00000003.121218
00000003.098766
00000003.086056
00000003.140866
00000003.074190
00000003.074190
00000003.074190
00000003.059539
00000003.078857
00000003.137826
00000003.084370
00000003.147024
00000003.147024
00000003.147024
00000003.117970
00000003.084234
00000003.131543
00000003.054548
00000002.995680
00000002.995680
00000002.995680
00000002.989859
00000002.940033
00000002.969063
00000003.003273
00000003.012545
00000003.012545
00000003.012545
00000002.958101
00000002.972708
00000002.988159
00000002.985492
00000003.012961
00000003.012961
00000003.012961
00000002.944740
00000002.923949
00000002.973512
00000002.984164
00000002.912508
00000002.912508
00000002.912508
00000002.926079
00000002.867127
00000002.795474
00000002.845815
00000002.827821
00000002.827821
00000002.827821
00000002.849376
00000002.858376
00000002.814982
00000002.838757
00000002.795834
00000002.795834
00000002.795834
00000002.788360
00000002.792937
00000002.735256
00000002.743247
00000002.790393
00000002.790393
00000002.790393
00000002.841355
00000002.888754
00000002.862369
00000002.814992
00000002.762001
00000002.762001
00000002.762001
00000002.698956
00000002.744529
00000002.798901
00000002.769872
00000002.818199
00000002.818199
00000002.818199
00000002.837770
00000002.842618
00000002.840501
00000002.824823
00000002.776224
00000002.776224
00000002.776224
00000002.815837
00000002.791587
00000002.847316
00000002.807751
00000002.834438
00000002.834438
00000002.834438
00000002.791272
00000002.754138
00000002.747634
00000002.683705
00000002.749930
00000002.749930
00000002.749930
00000002.813665
00000002.848375
00000002.779870
00000002.843674
00000002.913973
00000002.913973
00000002.913973
00000002.966456
00000003.028297
00000003.093757
00000003.149730
00000003.141315
00000003.141315
00000003.141315
00000003.104187
00000003.036993
00000003.104491
00000003.154395
00000003.231929
00000003.231929
00000003.231929
00000003.199753
00000003.180966
00000003.124527
00000003.126774
00000003.155855
00000003.155855
00000003.155855
00000003.232715
00000003.274402
00000003.207296
00000003.239881
00000003.296183
00000003.296183
00000003.296183
00000003.225596
00000003.253171
00000003.292260
00000003.315292
00000003.287406
00000003.287406
00000003.287406
00000003.353816
00000003.339691
00000003.292300
00000003.311306
00000003.331486
00000003.331486
00000003.331486
00000003.273161
00000003.192306
00000003.187360
00000003.195421
00000003.141536
00000003.141536
00000003.141536
00000003.160895
00000003.093439
00000003.116876
00000003.195238
00000003.122773
00000003.122773
00000003.122773
00000003.106794
00000003.152728
00000003.200597
00000003.187958
00000003.266244
00000003.266244
00000003.266244
00000003.335816
00000003.262152
00000003.220154
00000003.222171
00000003.277142
00000003.277142
00000003.277142
00000003.259825
00000003.207848
00000003.254260
00000003.222894
00000003.189112
00000003.189112
00000003.189112
00000003.112455
00000003.136101
00000003.079908
00000003.098716
00000003.124586
00000003.124586
00000003.124586
00000003.162427
00000003.129857
00000003.203847
00000003.280707
00000003.217691
00000003.217691
00000003.217691
00000003.245300
00000003.275178
00000003.332102
00000003.261207
00000003.183860
00000003.183860
00000003.183860
00000003.127854
00000003.108739
00000003.064694
00000003.001627
00000002.929521
00000002.929521
00000002.929521
00000002.893627
00000002.872338
00000002.837305
00000002.855529
00000002.863474
00000002.863474
00000002.863474
00000002.841472
00000002.865242
00000002.919328
00000002.867326
00000002.840504
00000002.840504
00000002.840504
00000002.852785
00000002.824690
00000002.873865
00000002.919649
00000002.863425
00000002.863425
00000002.863425
00000002.844395
00000002.817386
00000002.843039
00000002.787413
00000002.836342
00000002.836342
00000002.836342
00000002.886425
00000002.945786
00000002.950181
00000002.948623
00000003.002143
00000003.002143
00000003.002143
00000003.017275
00000003.011482
00000003.050739
00000003.062315
00000003.134681
00000003.134681
00000003.134681
00000003.146317
00000003.177044
00000003.208841
00000003.281828
00000003.210746
00000003.210746
00000003.210746
00000003.255474
00000003.184729
00000003.177011
00000003.225063
00000003.238125
00000003.238125
00000003.238125
00000003.252632
00000003.183411
00000003.143256
00000003.174590
00000003.161617
00000003.161617
00000003.161617
00000003.139935
00000003.099761
00000003.168466
00000003.097454
00000003.051756
00000003.051756
00000003.051756
00000003.063227
00000003.130046
00000003.204745
00000003.196304
00000003.122619
00000003.122619
00000003.122619
00000003.110086
00000003.087047
00000003.093041
00000003.160246
00000003.184931
00000003.184931
00000003.184931
00000003.265355
00000003.339817
00000003.288889
00000003.272593
00000003.283833
00000003.283833
00000003.283833
00000003.270512
00000003.218569
00000003.153879
00000003.119947
00000003.151616
00000003.151616
00000003.151616
00000003.074024
00000003.116117
00000003.127112
00000003.068998
00000003.033029
00000003.033029
00000003.033029
00000003.090496
00000003.065967
00000003.107901
00000003.051658
00000003.106447
00000003.106447
00000003.106447
00000003.155064
00000003.102030
00000003.095677
00000003.021791
00000002.999092
00000002.999092
00000002.999092
00000003.001237
00000002.982780
00000002.980539
00000003.032724
00000003.057524
00000003.057524
00000003.057524
00000003.054108
00000002.992024
00000003.055464
00000003.069967
00000002.997570
00000002.997570
00000002.997570
00000002.989545
00000002.933141
00000002.968136
00000002.919014
00000002.877472
00000002.877472
00000002.877472
00000002.851538
00000002.889313
00000002.823244
00000002.773038
00000002.722510
00000002.722510
00000002.722510
00000002.751497
00000002.777879
00000002.830430
00000002.854153
00000002.827516
00000002.827516
00000002.827516
00000002.768638
00000002.820752
00000002.862132
00000002.866339
00000002.806349
00000002.806349
00000002.806349
00000002.838977
00000002.785517
00000002.808750
00000002.753568
00000002.812661
00000002.812661
00000002.812661
00000002.882305
00000002.833019
00000002.795282
00000002.808514
00000002.850598
00000002.850598
00000002.850598
00000002.813699
00000002.813311
00000002.830621
00000002.868673
00000002.904659
00000002.904659
00000002.904659
00000002.892567
00000002.953583
00000002.970103
00000003.027375
00000002.984933
00000002.984933
00000002.984933
00000002.916584
00000002.950683
00000002.993800
00000003.011417
00000002.982350
00000002.982350
00000002.982350
00000003.038430
00000003.071407
00000003.005992
00000003.045933
00000003.039008
00000003.039008
00000003.039008
00000002.993430
00000003.052550
00000003.082018
00000003.145372
00000003.126066
00000003.126066
00000003.126066
00000003.063647
00000003.086075
00000003.129481
00000003.148973
00000003.106273
00000003.106273
00000003.106273
00000003.045931
00000003.114521
00000003.091153
00000003.095741
00000003.171857
00000003.171857
00000003.171857
00000003.165659
00000003.120405
00000003.143443
00000003.168491
00000003.135800
00000003.135800
00000003.135800
00000003.118760
00000003.098388
00000003.115522
00000003.156442
00000003.100541
00000003.100541
00000003.100541
00000003.067543
00000003.117609
00000003.052457
00000003.121878
00000003.117135
00000003.117135
00000003.117135
00000003.166914
00000003.203965
00000003.250800
00000003.218331
00000003.280591
00000003.280591
00000003.280591
00000003.287876
00000003.260199
00000003.294969
00000003.221875
00000003.180627
00000003.180627
00000003.180627
00000003.104937
00000003.089715
00000003.140417
00000003.208563
00000003.182374
00000003.182374
00000003.182374
00000003.258221
00000003.227377
00000003.215470
00000003.219138
00000003.221777
00000003.221777
00000003.221777
00000003.253238
00000003.331935
00000003.265401
00000003.232809
00000003.260584
00000003.260584
00000003.260584
00000003.312312
00000003.244829
00000003.276546
00000003.216752
00000003.143671
00000003.143671
00000003.143671
00000003.142892
00000003.129115
00000003.198259
00000003.164167
00000003.087840
00000003.087840
00000003.087840
00000003.066220
00000003.140169
00000003.118079
00000003.170107
00000003.223687
00000003.223687
00000003.223687
00000003.297229
00000003.305315
00000003.250945
00000003.237239
00000003.198937
00000003.198937
00000003.198937
00000003.223870
00000003.274925
00000003.258153
00000003.259990
00000003.274318
00000003.274318
00000003.274318
00000003.300335
00000003.349401
00000003.372242
00000003.424493
00000003.472602
00000003.472602
00000003.472602
00000003.530598
00000003.605372
00000003.580546
00000003.562607
00000003.478659
00000003.478659
00000003.478659
00000003.544440
00000003.589464
00000003.508149
00000003.472736
00000003.426339
00000003.426339
00000003.426339
00000003.472442
00000003.483929
00000003.413486
00000003.377990
00000003.303469
00000003.303469
00000003.303469
00000003.344162
00000003.418525
00000003.400028
00000003.368187
00000003.444041
00000003.444041
00000003.444041
00000003.384338
00000003.452499
00000003.427766
00000003.483783
00000003.518729
00000003.518729
00000003.518729
00000003.585907
00000003.622227
00000003.603370
00000003.635373
00000003.706980
00000003.706980
00000003.706980
00000003.741454
00000003.768688
00000003.695338
00000003.628531
00000003.545309
00000003.545309
00000003.545309
00000003.532354
00000003.456614
00000003.478966
00000003.420549
00000003.412450
00000003.412450
00000003.412450
00000003.475532
00000003.458593
00000003.503094
00000003.512526
00000003.519441
00000003.519441
00000003.519441
00000003.499407
00000003.568494
00000003.555861
00000003.637476
00000003.715781
00000003.715781
00000003.715781
00000003.684385
00000003.763431
00000003.844081
00000003.935334
00000003.989092
00000003.989092
00000003.989092
00000003.903048
00000003.877589
00000003.850868
00000003.897804
00000003.934146
00000003.934146
00000003.934146
00000003.991242
00000004.087235
00000004.108049
00000004.105977
00000004.197661
00000004.197661
00000004.197661
00000004.255864
00000004.217925
00000004.260545
00000004.203082
00000004.274299
00000004.274299
00000004.274299
00000004.181325
00000004.171743
00000004.204921
00000004.285590
00000004.371169
00000004.371169
00000004.371169
00000004.372271
00000004.328021
00000004.238454
00000004.153110
00000004.119611
00000004.119611
00000004.119611
00000004.170795
00000004.176817
00000004.131426
00000004.116269
00000004.214914
00000004.214914
00000004.214914
00000004.172146
00000004.160371
00000004.157093
00000004.073436
00000004.104816
00000004.104816
00000004.104816
00000004.192458
00000004.093791
00000004.031030
00000003.939455
00000003.962676
00000003.962676
00000003.962676
00000003.874269
00000003.855252
00000003.794773
00000003.776682
00000003.766734
00000003.766734
00000003.766734
00000003.843107
00000003.857122
00000003.912831
00000003.930118
00000004.022559
00000004.022559
00000004.022559
00000004.030800
00000004.037501
00000004.130802
00000004.141030
00000004.131789
00000004.131789
00000004.131789
00000004.116812
00000004.075655
00000004.125955
00000004.152816
00000004.194113
00000004.194113
00000004.194113
00000004.299364
00000004.296031
00000004.279596
00000004.374334
00000004.396556
00000004.396556
00000004.396556
00000004.383228
00000004.420535
00000004.530789
00000004.576676
00000004.580548
00000004.580548
00000004.580548
00000004.491937
00000004.558938
00000004.524137
00000004.480247
00000004.368734
00000004.368734
00000004.368734
00000004.298150
00000004.371973
00000004.468422
00000004.560254
00000004.516776
00000004.516776
00000004.516776
00000004.448335
00000004.453715
00000004.559968
00000004.491248
00000004.390189
00000004.390189
00000004.390189
00000004.292264
00000004.185250
00000004.157503
00000004.054393
00000004.054812
00000004.054812
00000004.054812
00000003.957283
00000003.881198
00000003.822093
00000003.820266
00000003.804686
00000003.804686
00000003.804686
00000003.793543
00000003.867635
00000003.793169
00000003.854258
00000003.788519
00000003.788519
00000003.788519
00000003.815885
00000003.750264
00000003.783618
00000003.763121
00000003.719755
00000003.719755
00000003.719755
00000003.736980
00000003.787639
00000003.859130
00000003.948193
00000004.010546
00000004.010546
00000004.010546
00000004.081273
00000004.020793
00000003.986326
00000003.903593
00000003.889321
00000003.889321
00000003.889321
00000003.796770
00000003.780077
00000003.765363
00000003.718381
00000003.745099
00000003.745099
00000003.745099
00000003.833755
00000003.786317
00000003.852096
00000003.802235
00000003.752576
00000003.752576
00000003.752576
00000003.820730
00000003.858289
00000003.954576
00000003.940055
00000004.031772
00000004.031772
00000004.031772
00000004.083704
00000004.013227
00000003.955630
00000004.053521
00000004.073441
00000004.073441
00000004.073441
00000004.144744
00000004.210821
00000004.148030
00000004.245919
00000004.217435
00000004.217435
00000004.217435
00000004.313996
00000004.291915
00000004.306671
00000004.290424
00000004.216982
00000004.216982
00000004.216982
00000004.310087
00000004.349156
00000004.285297
00000004.267389
00000004.289311
00000004.289311
00000004.289311
00000004.209774
00000004.194815
00000004.200304
00000004.304134
00000004.385157
00000004.385157
00000004.385157
00000004.379470
00000004.420838
00000004.437516
00000004.381207
00000004.409952
00000004.409952
00000004.409952
00000004.413148
00000004.370660
00000004.427317
00000004.473382
00000004.443631
00000004.443631
00000004.443631
00000004.538849
00000004.439875
00000004.428607
00000004.462515
00000004.394520
00000004.394520
00000004.394520
00000004.413764
00000004.472231
00000004.388007
00000004.306617
00000004.331664
00000004.331664
00000004.331664
00000004.295197
00000004.202154
00000004.218411
00000004.259340
00000004.214123
00000004.214123
00000004.214123
00000004.223802
00000004.200623
00000004.263944
00000004.360989
00000004.332827
00000004.332827
00000004.332827
00000004.435542
00000004.423759
00000004.345981
00000004.435245
00000004.326748
00000004.326748
00000004.326748
00000004.384531
00000004.470834
00000004.485611
00000004.500948
00000004.434130
00000004.434130
00000004.434130
00000004.439270
00000004.401986
00000004.450986
00000004.410653
00000004.429839
00000004.429839
00000004.429839
00000004.403363
00000004.492832
00000004.478525
00000004.480734
00000004.426516
00000004.426516
00000004.426516
00000004.372212
00000004.434351
00000004.492843
00000004.397550
00000004.347685
00000004.347685
00000004.347685
00000004.334614
00000004.234170
00000004.225762
00000004.144374
00000004.077181
00000004.077181
00000004.077181
00000004.047420
00000003.992863
00000004.005785
00000003.957575
00000003.871050
00000003.871050
00000003.871050
00000003.925365
00000003.988979
00000003.892554
00000003.822447
00000003.865168
00000003.865168
00000003.865168
00000003.813665
00000003.759698
00000003.723300
00000003.786568
00000003.844595
00000003.844595
00000003.844595
00000003.828566
00000003.907954
00000003.810308
00000003.812887
00000003.867383
00000003.867383
00000003.867383
00000003.777484
00000003.799065
00000003.746746
00000003.675163
00000003.685074
00000003.685074
00000003.685074
00000003.695555
00000003.628664
00000003.562316
00000003.538438
00000003.452691
00000003.452691
00000003.452691
00000003.414881
00000003.349110
00000003.419887
00000003.391945
00000003.411005
00000003.411005
00000003.411005
00000003.363357
00000003.394708
00000003.451050
00000003.453761
00000003.397169
00000003.397169
00000003.397169
00000003.367251
00000003.440426
00000003.360420
00000003.338913
00000003.307956
00000003.307956
00000003.307956
00000003.331612
00000003.299107
00000003.362449
00000003.318369
00000003.368805
00000003.368805
00000003.368805
00000003.439811
00000003.490845
00000003.533498
00000003.474424
00000003.463774
00000003.463774
00000003.463774
00000003.522352
00000003.481483
00000003.494125
00000003.514151
00000003.453713
00000003.453713
00000003.453713
00000003.403275
00000003.452499
00000003.527059
00000003.495354
00000003.488726
00000003.488726
00000003.488726
00000003.525954
00000003.553184
00000003.559801
00000003.640299
00000003.569891
00000003.569891
00000003.569891
00000003.554497
00000003.484260
00000003.571013
00000003.604670
00000003.690980
00000003.690980
00000003.690980
00000003.757528
00000003.724116
00000003.684517
00000003.736145
00000003.681344
00000003.681344
00000003.681344
00000003.594290
00000003.677111
00000003.737297
00000003.753840
00000003.761721
00000003.761721
00000003.761721
00000003.794830
00000003.755019
00000003.759996
00000003.776023
00000003.681980
00000003.681980
00000003.681980
00000003.773800
00000003.680896
00000003.724270
00000003.796574
00000003.782352
00000003.782352
00000003.782352
00000003.829023
00000003.867728
00000003.922730
00000003.837913
00000003.821520
00000003.821520
00000003.821520
00000003.876128
00000003.795004
00000003.888907
00000003.957827
00000003.962768
00000003.962768
00000003.962768
00000003.871515
00000003.906647
00000003.879152
00000003.846729
00000003.777636
00000003.777636
00000003.777636
00000003.803125
00000003.727381
00000003.746429
00000003.688051
00000003.662527
00000003.662527
00000003.662527
00000003.670304
00000003.633577
00000003.667805
00000003.593762
00000003.634259
00000003.634259
00000003.634259
00000003.556192
00000003.526755
00000003.555897
00000003.550215
00000003.470899
00000003.470899
00000003.470899
00000003.394634
00000003.349572
00000003.384721
00000003.308586
00000003.360202
00000003.360202
00000003.360202
00000003.293493
00000003.258592
00000003.335215
00000003.254605
00000003.192402
00000003.192402
00000003.192402
00000003.211475
00000003.220100
00000003.301566
00000003.317054
00000003.318670
00000003.318670
00000003.318670
00000003.401319
00000003.470785
00000003.451678
00000003.536330
00000003.542041
00000003.542041
00000003.542041
00000003.512528
00000003.484182
00000003.528029
00000003.534641
00000003.621423
00000003.621423
00000003.621423
00000003.550738
00000003.600534
00000003.511046
00000003.590976
00000003.681760
00000003.681760
00000003.681760
00000003.668114
00000003.587956
00000003.513854
00000003.588773
00000003.558462
00000003.558462
00000003.558462
00000003.632325
00000003.580123
00000003.668958
00000003.727365
00000003.750085
00000003.750085
00000003.750085
00000003.689470
00000003.731814
00000003.657682
00000003.569859
00000003.639654
00000003.639654
00000003.639654
00000003.697525
00000003.699167
00000003.637664
00000003.637021
00000003.575775
00000003.575775
00000003.575775
00000003.663875
00000003.731785
00000003.795386
00000003.846370
00000003.882237
00000003.882237
00000003.882237
00000003.857679
00000003.926184
